7 0100 0007 0101 0000 0000 0000 0001 0000 0000
515 0001 0007 0101 0000 0000 0000 0515 0000 0000
A29 0001 0007 0101 0000 0000 0000 0A29 0000 003D
F3D 0001 0007 0101 0000 0000 0000 0F3D 0000 003E
1451 0001 0007 0101 0000 0000 0000 1451 0000 003F
1965 0001 0007 0101 0000 0000 0000 1965 0000 0040
1E79 0000 0007 0101 0000 0000 0000 1E79 0000 0041
238D 0000 0007 0101 0000 0000 0000 238D 0000 0042
28A1 0100 0007 0101 0000 0000 0000 28A1 0000 0043
2DB5 0000 0007 0101 0000 0000 0000 2DB5 0000 0044
32C9 0100 0007 0101 0000 0000 0000 32C9 0000 0045
37DD 0000 0007 0101 0000 0000 0000 37DD 0000 0046
3CF1 0000 0007 0101 0000 0000 0000 3CF1 0000 0047
4205 0100 0007 0101 0000 0000 0000 4205 0000 0048
4719 0001 0007 0101 0000 0000 0000 4719 0000 0049
4C2D 0001 0007 0101 0000 0000 0000 4C2D 0000 004A
5141 0100 0007 0101 0000 0000 0000 5141 0000 004B
5655 0000 0007 0101 0000 0000 0000 5655 0000 004C
5B69 0100 0007 0101 0000 0000 0000 5B69 0000 004D
607D 0001 0007 0101 0000 0000 0000 607D 0000 004E
6591 0000 0007 0101 0000 0000 0000 6591 0000 004F
6AA5 0001 0007 0101 0000 0000 0000 6AA5 0000 0050
6FB9 0000 0007 0101 0000 0000 0000 6FB9 0000 0000
74CD 0000 0007 0101 0000 0000 0000 74CD 0000 0000