7 0000 0007 0001 0000 0000 0000 0001 0000 0000
515 0000 0007 0001 0000 0000 0000 0515 0000 0000
A29 0100 0007 0001 0000 0000 0000 0A29 0000 0029
F3D 0100 0007 0001 0000 0000 0000 0F3D 0000 002A
1451 0101 0007 0001 0000 0000 0000 1451 0000 002B
1965 0101 0007 0001 0000 0000 0000 1965 0000 002C
1E79 0101 0007 0001 0000 0000 0000 1E79 0000 002D
238D 0100 0007 0001 0000 0000 0000 238D 0000 002E
28A1 0101 0007 0001 0000 0000 0000 28A1 0000 002F
2DB5 0101 0007 0001 0000 0000 0000 2DB5 0000 0030
32C9 0100 0007 0001 0000 0000 0000 32C9 0000 0031
37DD 0000 0007 0001 0000 0000 0000 37DD 0000 0032
3CF1 0000 0007 0001 0000 0000 0000 3CF1 0000 0033
4205 0000 0007 0001 0000 0000 0000 4205 0000 0034
4719 0000 0007 0001 0000 0000 0000 4719 0000 0035
4C2D 0101 0007 0001 0000 0000 0000 4C2D 0000 0036
5141 0101 0007 0001 0000 0000 0000 5141 0000 0037
5655 0100 0007 0001 0000 0000 0000 5655 0000 0038
5B69 0101 0007 0001 0000 0000 0000 5B69 0000 0039
607D 0101 0007 0001 0000 0000 0000 607D 0000 003A
6591 0100 0007 0001 0000 0000 0000 6591 0000 003B
6AA5 0100 0007 0001 0000 0000 0000 6AA5 0000 003C
6FB9 0101 0007 0001 0000 0000 0000 6FB9 0000 0000
74CD 0100 0007 0001 0000 0000 0000 74CD 0000 0000