7 0101 0007 0000 0000 0000 0000 0001 0000 0000
515 0101 0007 0000 0000 0000 0000 0515 0000 0000
A29 0001 0007 0000 0000 0000 0000 0A29 0000 0001
F3D 0100 0007 0000 0000 0000 0000 0F3D 0000 0002
1451 0101 0007 0000 0000 0000 0000 1451 0000 0003
1965 0101 0007 0000 0000 0000 0000 1965 0000 0004
1E79 0100 0007 0000 0000 0000 0000 1E79 0000 0005
238D 0100 0007 0000 0000 0000 0000 238D 0000 0006
28A1 0001 0007 0000 0000 0000 0000 28A1 0000 0007
2DB5 0001 0007 0000 0000 0000 0000 2DB5 0000 0008
32C9 0100 0007 0000 0000 0000 0000 32C9 0000 0009
37DD 0100 0007 0000 0000 0000 0000 37DD 0000 000A
3CF1 0101 0007 0000 0000 0000 0000 3CF1 0000 000B
4205 0101 0007 0000 0000 0000 0000 4205 0000 000C
4719 0101 0007 0000 0000 0000 0000 4719 0000 000D
4C2D 0001 0007 0000 0000 0000 0000 4C2D 0000 000E
5141 0001 0007 0000 0000 0000 0000 5141 0000 000F
5655 0100 0007 0000 0000 0000 0000 5655 0000 0010
5B69 0100 0007 0000 0000 0000 0000 5B69 0000 0011
607D 0100 0007 0000 0000 0000 0000 607D 0000 0012
6591 0101 0007 0000 0000 0000 0000 6591 0000 0013
6AA5 0101 0007 0000 0000 0000 0000 6AA5 0000 0014
6FB9 0001 0007 0000 0000 0000 0000 6FB9 0000 0000
74CD 0001 0007 0000 0000 0000 0000 74CD 0000 0000